1234 4
64931467 65583499 63866579 66828348 
56465251 59750377 59954231 58025830 
56921947 62942985 60972098 65662782 
63549700 64507765 65108873 68393936 
59391782 68427893 62598161 65455398 
59093212 64657371 60537148 61639226 
62370371 67736762 62107320 67755456 
61096947 64518779 60460185 61708678
59973013 62888662 62275023 64006861 
61767683 63838781 61942200 62894527 
55565865 58024159 59922195 57758747 
64230365 67214362 64249570 69365617 
58476612 64164930 58290676 63025128 
64438270 66630681 66668736 66465613 
57705863 62263606 61888446 63152614 
64606341 68628251 66244127 68133655 
54429234 56262770 56242232 55062973 
62264216 64178547 63020892 65742350 
54791648 58055388 58838360 56720582
61183282 63966103 63214504 64406482 
54381714 59064602 57515182 62307769 
56296931 58163995 60442677 58983139 
61836200 65821281 64405465 67799429 
57395201 60206766 59197169 64586530 
61954394 64226363 61597256 64508925 
57581415 59285161 61792603 62846884 
61239320 63276734 62825541 63953546 
56727770 63498867 58058926 63191456 
58592197 62368491 60942240 63585760 
55274133 62427747 59406499 60949009 
61175058 66399401 62791298 65466963 
60864260 63679967 62499856 66344094 
60839154 63177840 62409213 64043742 
67724895 70074830 67542405 67400813 
59676534 60998177 60525799 64021926 
59204868 63810266 62033695 61539482 
62208590 67185159 61940762 64151758 
62688857 66773756 62758015 67794798 
60175186 61252729 61183842 63601772 
62623982 67301336 64757932 65173604 
54836940 61776508 59028200 59951152 
61154189 68917871 64638526 66356886 
60668360 65626445 57665432 63612143 
61394591 64291136 61011774 65060729 
67255869 66300617 64488857 66878311 
62476140 64839401 61122876 63936207 
56794357 59533162 59870037 60485915 
61372230 63057870 62993754 63444787 
62704919 66118258 56895703 64953588 
56168149 59532145 58282579 59591887 
61012118 61974088 62537321 63224463 
56964080 58924786 57740902 56747234 
63424324 62800107 59548491 61625767 
61608280 64510018 59231810 59266120 
57681810 60933182 59954305 61080680 
59532091 63069505 57810149 59994181 
63119820 65999797 61034973 62780932 
61493462 65452843 64170187 64148367 
56146335 61020866 58733355 61147324 
57533741 59833405 58117360 58610098 
57675972 62163400 58722829 59741465 
56306046 59633064 58747498 59449871 
59751823 62108541 61702964 62001745 
60791857 61155727 62830004 66059513 
62239692 61361394 59216934 64911859 
59224001 61369921 59848063 64491161 
59009978 61160890 58849981 61011156 
60743437 63422689 62118240 65511204 
56806258 60998612 57156782 59721036 
58031309 63370160 60259538 63022774 
63101489 67660051 61137470 66505692 
64635899 69704059 67128316 69872849 
61446349 63848083 59870640 60503357 
58268561 62462789 61234100 61652167 
59953610 61990406 60457930 62805541 
62984896 65853721 61580794 67416656 
56852122 57660312 56727813 56468482 
56971446 58950072 56797890 58946041 
65756449 67374056 67253451 68409509 
61359892 63508309 61291434 61282884 
60286871 64015334 58150660 64155796 
55757761 58297408 55245860 57772047 
61674025 65384168 62055448 62621200 
60812450 65797902 60992685 66300865 
64240835 66289668 64376898 65530316 
60108941 64455641 62800197 65153011 
58240363 62665989 58437889 61827611 
62196766 65940688 64154228 63760057 
59078654 60814670 57643930 61823967 
55880271 59299795 57992383 58226527 
60290223 60792390 61776899 63603648 
59023704 61245949 61296064 62073314 
60700621 61897613 62487650 63879570 
61724917 66674485 62286658 64083211 
66373787 66479154 62522099 67414892 
61136893 66346146 61463110 65372740 
60802624 63443053 62625642 63950296 
58788073 65193673 64201916 63168558 
62429700 65036757 65230568 66004873 
63350303 64456481 62526776 65963498 
59417995 63539767 62292311 63315231 
57570487 64124781 61537599 63694428 
57238699 63152767 61979112 63669093 
58481584 62096980 61405322 61084464 
57757452 61745398 59711610 61106384 
59537954 65690415 60821292 63940054 
58345776 61300046 58440465 61445000 
60989588 63785489 62025798 64482882 
63193260 68001098 62583870 66460846 
59891255 61095483 61089257 64941963 
56845622 58429212 55943077 61105065 
54276422 60577281 59196020 59970080 
60913348 62625656 61403389 62556299 
64155458 66059343 63533240 69352200 
62692622 65452659 62753195 67281288 
52733132 56067915 53480578 58568717 
59621566 62185026 58056945 63036444 
59501634 64107882 60748533 63039253 
63628911 67823076 66956008 70814473 
60048307 64618752 60973276 62820946 
58258308 58989335 62734050 62374782 
58509306 59703513 57431953 62417010 
57561603 63854185 59129041 64390405 
62542113 66376016 59302769 65372956 
55945223 63740224 59059724 61513370 
61683547 64226774 63266228 67694496 
59744512 60941939 58149855 59314208 
58390881 64662018 59627286 61204135 
59482816 64778796 60819672 64281841 
57902740 59675692 58499704 59670845 
61713890 65391686 63438412 67801554 
55385918 60784152 55074947 60673240 
55970849 61372527 58384119 63323607 
61272781 63981338 61262195 65414322 
58775144 59288936 57296943 61138556 
59778332 66226125 61520909 64335827 
58774280 60218202 60384756 59904998 
59035938 63996518 59917258 61182226 
61127871 63300950 60915488 64828186 
57363527 61060214 61660066 62535067 
61466552 65961849 59957317 66562570 
57787133 59752651 58754181 60595304 
57142607 57258447 59337137 61256043 
61461640 63698041 60266303 63373471 
60882917 63336058 59347847 63874279 
56864431 63366815 58967944 65955132 
59466043 62282694 62002227 62110575 
59735639 66285459 60018951 63519612 
60900429 62799475 59527786 62486730 
63325020 65799476 63143607 65502470 
63264996 64164041 63651565 68432511 
54025581 58187113 57215047 60949800 
60835528 64611418 63738125 64427878 
61120585 64729869 63598361 65191953 
61910016 66508042 62758706 63710802 
60671891 65610961 65333150 65091409 
57366068 61381445 57694327 62029103 
61401962 65986146 65190531 64819309 
57190998 62975993 64247503 64875026 
58399973 60582991 58574673 60975935 
60359888 62459189 60965631 60967893 
61256776 62677232 61284749 62031902 
62024044 64792783 63075349 62594950 
53500342 58140545 58965433 59188541 
58713737 61583129 61769890 61659571 
58747969 63051907 64763832 65147694 
61065234 64260694 58363731 63966304 
58385564 60853969 60031767 61852668 
58628588 63268118 59130041 64983244 
61205597 66170941 62628811 64984418 
63327008 65714168 63661625 67584468 
57728099 64502247 59288980 62733037 
56540159 61062200 61274582 60274669 
59782318 61836452 60848771 62120471 
58176114 61479831 59294099 61727675 
54692207 54579423 55314039 58201145 
59391994 64500651 63585484 63649994 
62180583 64187727 61951449 62233546 
56441053 60941198 58595716 60260843 
62511102 65468377 62501540 65644589 
63207984 67823177 62070748 68498571 
59222722 62820055 59038023 63190821 
56353864 60961479 60357728 62012508 
59733454 62732548 60614060 61279137 
57733565 59763495 59340024 62590573 
62895603 65689336 67229399 67883622 
58301383 64077603 60181098 62907034 
56842481 59246469 58023401 61093736 
60660651 64292206 63590813 63983894 
56201075 59682236 57161328 60157261 
61645052 64887169 60881828 63662586 
59572442 61766942 58795694 61973338 
61931323 63290807 61346253 64509304 
60955356 62725908 61717673 61299810 
58850552 62415114 59275940 60055268 
60698723 62966343 63546324 65285462 
60364477 64285083 63320761 66552612 
64003964 67318375 66549989 67068666 
59898477 63163973 62740312 63816318 
59038430 65913852 61071408 62596259 
63008763 67950834 62117971 67125517 
58704517 63963399 60419850 64505412 
55967491 64092613 58876707 61001949 
65757356 66673330 61516698 67633035 
61757483 63158883 63431443 63712695 
63431279 65178769 62879601 65366941 
58410613 64366484 61096102 63858802 
58671106 63335788 59921821 62488665 
60438008 62043530 60230496 61876556 
59118479 64362878 62278481 62689315 
59700160 59947741 55284713 58997988 
63786257 63160466 66122502 65481417 
56723969 59300143 58392234 61650610 
54554450 57786721 56342471 56916036 
59066155 63798511 61864263 66595698 
61904152 66883885 59245987 63471843 
52245849 57712355 55357005 56195504 
63366567 64785928 66447545 65780555 
59065235 64174679 59138336 64510285 
62747294 66499573 62670692 65966999 
60710584 65222701 58454293 62443587 
63867651 62781628 60261805 61725346 
58354550 60967009 57691692 61036069 
62263776 63129046 61249865 61358548 
64233723 66857777 63623793 63847044 
59951513 63739430 61813941 63033665 
60999593 65691074 62804878 65426558 
59134754 62586137 59423399 60415822 
59114598 64241911 58427276 63234451 
56165875 60105017 58554507 59102607 
56403459 59841023 57437798 59599941 
62905788 63576424 63171399 65678270 
64208405 66937933 65699761 67633076 
61840786 64568104 63314071 63225261 
61090308 64585801 64488172 65087208 
56840770 61946737 59658253 61775247 
59162363 63196361 62844912 62975710 
60814065 62601173 61306747 62608451 
64140077 64537289 66107424 64715104 
57872978 60732037 57795173 62743555 
59869445 65156494 61353882 63496453 
56303309 63350559 57803533 60116396 
60493482 63421813 61439546 63916810 
61822027 65636124 61538277 64181965 
63767957 68453524 61736975 67263463 
58083960 59279532 59026978 60890952 
64174924 68917436 68961509 70609221 
59003096 63278166 61188606 65085963 
55397522 61420579 59624498 61075412 
61424978 66142225 62040651 64765052 
60536238 62078780 63839679 65587534 
57293728 58502152 59533335 62099146 
63370589 67521486 65902881 66438920 
56370546 60467464 58344182 61396628 
59397085 64698425 63165710 64633381 
63279952 69108300 65121916 68378811 
57777484 61055943 58883214 59204305 
56240051 60021283 58043852 59847095 
59247720 66208172 63262061 65286412 
62212621 64800632 60799403 63251792 
57822489 60001832 57686478 61549594 
56588121 59130247 53517785 58938011 
54770484 57548215 58102562 59647127 
57229884 57675267 58004338 61896651 
57839264 58888328 58175788 63128662 
63350222 66414741 64269953 68504450 
57063612 61255655 59072499 62164734 
53890185 57919478 57610280 61341487 
62874262 66019570 62977551 64471930 
56446460 62085979 58266227 62608855 
62313609 65134400 66572534 66475282 
57428224 59976485 57267183 60475646 
60777399 65797207 61338587 65918733 
59870511 65053684 60811394 65210668 
59967049 61214017 61198404 62394415 
62502386 67187343 66651568 67045947 
59343547 63496963 62507990 62932607 
58760141 60375834 61224345 61408020 
56809310 62885285 57577209 61559610 
61579989 64580146 63319877 63673048 
56713518 63055661 59050035 65103984 
56637074 56643489 55782419 60708065 
59241854 62131711 60879229 61436315 
58979399 59532485 57234308 59083201 
61130656 63055952 61145719 60755827 
59899194 61005677 63423033 62634179 
57718778 61474887 59111474 62881746 
57980445 60898341 60522515 60358792 
59049034 62014937 59197658 64676201 
59379584 62868458 60479674 63864100 
58066402 63068791 61347295 62192608 
60198616 62069036 64710475 65152844 
59813894 62965394 58872187 60047597 
59296677 62378589 62169528 64197333 
57399242 59868685 58224727 62509100 
59289039 65322638 61589606 62229651 
62048033 63976489 64299975 66027938 
56157270 60826506 58872990 63964897 
56822882 60633981 60467704 61535713 
63089173 62873786 62826360 64436110 
57818463 61136107 59635625 62832636 
62702438 64133177 62859399 64390865 
60103995 64134203 62072965 62101717 
59968711 64095238 57034194 64143469 
58341746 61353169 58436946 63039996 
62281456 65147857 61862042 64299039 
58151909 60566524 57573147 62398918 
60180116 61503304 59559193 59435913 
63827790 66749812 63764364 66602667 
59408539 63358417 60876708 65002767 
60006522 65480164 61503065 63529410 
57839832 62999524 59844346 61701905 
60658434 64957677 62554791 65213243 
60797349 65753309 62780180 64580103 
61243683 63367749 61870639 63918765 
56387613 62876795 57177912 60991740 
58638086 60691572 61859092 62313025 
60374529 64476109 63519228 66273484 
61913772 62639753 58610478 62773109 
56927302 63329476 58546938 61504561 
61723191 66597371 63929096 64421174 
61900615 64404125 61020632 63569224 
59337742 63748350 58995924 60578917 
57223157 61419145 60039135 63325844 
58164849 60873397 60494549 62675786 
62032709 65100898 63288701 63412868 
64308704 65778072 64182677 68503825 
58215328 64743499 59565843 64275887 
55228559 60726037 56920279 58948000 
59728838 64364650 61195700 64309648 
57841383 64808196 63065394 63542653 
62069145 64870230 60637109 64507494 
61858412 64012793 59809478 62265846 
62719247 63243427 63077255 62183128 
58217779 60482429 58161718 62031988 
59935954 65726833 61126261 65019916 
62304663 63346720 61307060 65110608 
63522959 64760337 61773918 66552843 
60592120 64461351 61061065 63835569 
57083643 62450274 60136531 61400015 
57642619 61279346 56257232 59291935 
57161831 59548382 57650023 60882653 
59043556 66336533 60515915 62898202 
58388898 61407147 63085255 65612485 
59804500 63505030 62073978 62676174 
62336681 63677651 60926820 64418015 
59172852 62931685 61483171 62289682 
61243093 63272487 61906049 64434976 
57280390 61185070 60772378 61258684 
57612435 62578546 60497173 60816300 
62226399 66905087 60769253 64189934 
62987899 66735522 62033948 67959495 
63137207 65648585 64630245 66273254 
62595788 66081476 66768718 68641188 
63729579 64643897 65169988 66208759 
62655966 64890567 63028902 63951230 
62618339 63826879 61596126 60211093 
61987080 64956781 61127705 65263080 
63047824 65688061 66201981 66573046 
61095979 64617475 59738844 64072623 
63634538 70719247 65034958 68291019 
58393237 60219342 56846066 60437624 
64226143 68311670 64268779 66305822 
56508193 62506592 60959024 65061801 
61611926 65201051 60186013 63035284 
62171466 64728436 61327274 64492711 
59958037 64699619 62445948 67286261 
60571246 63718441 60230559 59922612 
66763544 69902949 67120770 69929021 
63853350 66602955 61570632 66904349 
55245545 59212154 56904337 60209593 
59853652 62171683 61300551 62562137 
59520221 64277329 62194011 65447702 
61551945 62990801 61424935 64775359 
59883576 64744948 62526969 65344848 
61434448 64391327 62318241 65677170 
59950535 64654920 60838970 63319804 
62442224 64416897 62704449 64799587 
60604289 64067108 64402124 62614088 
60237514 65950484 59181611 66369811 
56467188 60724131 58950753 61128093 
62251135 65993370 62389078 65153785 
58307706 61379977 62703153 63780966 
61895771 66005825 62425907 67020861 
58331155 62739281 63076199 61298395 
62415397 62559886 58939262 63914379 
59916547 65455025 60639743 67438541 
61154765 64802572 61289857 63163621 
61418812 60757335 61921273 64631355 
60150347 64424826 61696673 62451964 
59976584 62403409 58845599 61068025 
60597953 64403056 61517312 65033621 
61294156 67822801 62716264 65857578 
61324547 64153637 65142326 65776429 
60883350 65008385 60324490 64499065 
60340702 63254447 61114390 62123076 
57897754 62704677 57048761 61716767 
57302354 62095896 59848926 63198547 
61618398 61617758 64098228 63087307 
60641271 63938360 60281412 67402382 
60231251 67407601 62389824 66249108 
57067897 60795742 58329406 61304613 
57125149 60972352 58264012 60214350 
61083337 62800084 61493376 64456380 
58809973 64733580 61248858 61001708 
57859183 58690422 56547010 58753322 
59216685 64486013 62266534 63456780 
61538360 65990695 67652162 65381910 
56856047 59063397 57645750 60929079 
60129937 62085195 60947132 63225414 
60764938 61887845 61912659 61098600 
58395068 64334187 60831638 60579060 
56156282 59726497 59930147 64805866 
61064678 60997454 63002768 63219978 
58235859 61006959 59622342 62928407 
62998356 63717127 63284565 63316111 
59579581 63716404 63541662 66050734 
58557798 61271496 58992665 61316817 
60599273 65323431 61674240 64443074 
64898056 64714961 62727650 65783555 
59936077 62414857 60266103 64613033 
60545247 64134496 60948682 61023262 
59226262 62901167 61468099 64982496 
59014931 62347380 57793768 61160594 
57982434 59482185 56258533 60508855 
60440553 63398704 63106507 62287354 
61693432 64843273 64709349 68847925 
57308760 59414035 60043776 63664723 
57982876 61662033 60213949 62427836 
60186434 63070915 60604849 65422405 
60990150 63832683 61129319 61605825 
58077553 63991013 60496834 63761647 
64033894 67160129 62156012 64164842 
55492872 59807743 58838391 60959866 
57992691 58820510 58629317 58427854 
59967398 64184490 60360310 63680056 
55263348 59796528 56883392 59969445 
58306467 62605027 60315227 63380299 
61066378 65768416 58773474 60601220 
55677353 62202244 59483432 59607676 
62413287 65616222 65222751 65372904 
57622219 61332374 61802501 60434648 
60339706 62469923 61744205 62540846 
64693614 66510094 64370125 68444923 
62994757 65920817 63309802 66273072 
61717819 61903725 60195831 62025296 
56080521 63410726 62074990 62530483 
61587177 65913133 61098687 64322613 
58357275 59816024 57511878 61803277 
58837600 61403620 58941681 62627793 
57351722 61241912 61916856 63488617 
63091752 65501406 62466886 63734481 
61334626 65296195 62340234 62925986 
59865804 61796466 59517274 60408054 
58350520 62078055 57356095 62299426 
61750681 64790878 62818912 67053978 
60431371 65846498 61389442 65072036 
59067216 64258848 58568570 62220694 
59817950 61488672 58615262 63709718 
59473139 61856605 60860514 62666553 
57712449 61899475 59510025 61838416 
60849485 63732484 61310317 62753072 
62218544 64316403 63833790 64062769 
55310297 57067907 57345196 59773722 
61404683 67024181 65456730 67234246 
60483146 64772714 60699958 64031517 
61662539 68698087 64634812 65130011 
59071342 65199622 59007398 61384408 
60867421 65208116 62747102 67741165 
56064993 58563294 58356140 63157656 
62123611 65205142 59570425 65172498 
59196478 64927853 63347565 64966513 
54498310 59114213 54085793 58209788 
64030722 64848944 64042361 63630327 
57022817 59274065 55459937 58534372 
59809325 63640198 63869324 61582608 
60315143 65170629 62362358 65936778 
56092530 60350822 57120917 60258251 
57576657 60456936 60188438 61414850 
63597670 67858178 61498487 64294171 
61222077 65162683 62035742 67303360 
59236758 60145734 58008547 62121967 
62186571 62756972 64241866 64616939 
59921415 63934795 60973002 64053471 
57063110 61173773 60514089 60062635 
54958568 61001565 58952966 61370678 
61399190 61393915 61552995 64064350 
51662283 54484534 56498142 59115809 
62824334 62625331 59386022 62889046 
62001702 65025940 60513025 63989565 
55912819 61094846 56308643 59304109 
61643051 64080964 63064254 65564929 
59936015 61467462 58451212 62022800 
60623226 63185589 63850498 66133177 
60208125 61404790 60281030 63680115 
61198662 66619763 60345432 63778442 
61250939 65689786 62468445 67188252 
66948855 68377480 67096523 70519682 
58844870 63539284 59112011 61227951 
55547370 60165553 60699166 59885298 
60583947 64767913 64188626 62318617 
58647941 64211607 57849822 63850917 
59395884 64690510 60743394 62994580 
62002352 64532872 64832905 65003131 
59353181 62942989 58207170 61241917 
60890585 61615726 60185650 62081311 
61117641 65993317 61951246 64664315 
58129629 62171505 57696700 60734260 
62667713 65652001 62861451 66149369 
55288234 61378777 59506469 60405139 
58888600 61781617 61840232 62804161 
61042265 62783076 62143163 63434118 
56315210 61533513 57986677 62178041 
59718998 62953214 61109475 64014945 
59553880 61926732 58701321 63180936 
60679655 64840867 60634311 61770385 
57934754 60474962 55747886 60422075 
61254755 65477183 62746735 67274604 
61965492 64748074 64079680 67264806 
51911107 56032041 53717464 55690580 
59919488 59541129 61021499 61738096 
60936327 64499489 60346850 63073302 
62848783 65837968 63592854 67507617 
59944914 63583308 61533169 64280735 
62037147 63442188 63962718 64721509 
59736031 60502817 60430293 62218106 
60262904 63097517 61045331 63253470 
59797049 62090238 61884821 63163030 
57146894 60954917 58863819 61554365 
59889109 63361617 60698799 62591280 
59826394 62662942 61008814 63980239 
60231638 66371187 61839778 64696251 
54567625 59030792 58337963 58932449 
59365796 61812825 62340613 63224673 
56155847 60205054 57022916 59445368 
59640377 62382863 60562291 65263475 
64038002 69771791 63558588 67946117 
59117427 61876777 59613800 60403438 
57236114 61172840 60153918 61452551 
60350050 61540470 58344284 62835555 
61108695 67198121 61106927 64893299 
60474946 62276664 60908872 63786058 
60818338 64706045 60321641 62489192 
61111948 62686193 61823193 64856422 
58009202 58539187 57007462 58691760 
60658031 64924669 61195591 63667819 
60307497 62954024 60053899 64420992 
59152194 62853632 59672712 59938582 
60428381 62667925 58320472 60257410 
61377309 65655590 61313783 65243680 
59826551 64680800 60136563 63157476 
59184374 63106978 60122522 62843315 
63956561 66635028 64375442 66553026 
56323940 60169471 60710233 61827379 
63387696 63393858 61785683 65726982 
58158498 61171524 58614734 59792396 
54181268 59591235 58944377 61855079 
56135462 58499911 56446221 59315999 
61416696 65048032 61538475 64648760 
60354216 62986107 61466892 63789356 
58290906 63078334 58098728 65070423 
61503296 64480651 62283592 67485277 
62051089 65432876 62294138 68222491 
60196561 65539201 63256215 64654290 
63617112 66995019 64498469 66435954 
62459666 66212415 64435604 64358531 
56946456 62085428 60139575 60298035 
61565269 69119471 65807515 67524181 
60373791 65843838 61616508 67839152 
60082030 64215829 60242914 63150750 
58746871 58976320 57746358 59546513 
57964565 61817548 60524352 61657393 
63911771 66003504 62726403 67528141 
64088514 67310770 66952347 68765317 
60097777 63870117 60568610 63257665 
58466051 62975491 60493325 63061302 
57921495 62832912 58387827 61210057 
63577508 65958272 64794903 66507400 
57967176 63547929 58617946 60399481 
62975964 65133160 63064869 64619546 
59899213 63776293 60302259 60505165 
64296702 69597802 64198778 69297486 
58127638 61447542 59758025 61167174 
60907975 63338058 60214017 63015872 
57905413 61551549 59676221 61632520 
64404951 65883578 63869126 65449010 
58277881 63643621 62359046 64190670 
56384683 61679623 57875207 60158198 
58132748 61994443 63066450 65824077 
61651137 62553323 60350353 65499774 
59444885 61748621 60814920 63022907 
57711935 63304717 59083568 64758198 
62356785 65822264 63048250 64370744 
61586235 65360593 65156683 64874594 
61825928 65295173 60620544 64869638 
59604332 63581356 59947058 63664779 
58906439 59895631 59071782 58543997 
59421572 65498075 64482994 65759498 
60385133 62459093 61113451 64954690 
60263076 60182828 62636783 64670481 
60508986 62343167 60808210 64986011 
57266033 60192386 60514409 59574952 
61284877 63393621 63606926 62414691 
62824126 67002162 63690809 63009459 
57005586 61303200 58425795 61705272 
61959632 62139292 62004819 63219060 
61518683 62750270 63014281 64666200 
59495758 64342350 58742249 62280992 
59792905 63445020 62291225 63298144 
56660565 59708093 55631590 61189864 
60390102 65297875 59346563 63350200 
60355634 62460697 57625183 61295897 
61423050 62639531 63722503 60773636 
59845450 63411676 59731051 61402865 
58949698 61467914 59484475 60480897 
60403584 62496955 61180450 60591247 
59498241 63081654 58351177 61374564 
61828136 62763300 62306316 63319539 
59310069 60865825 58561538 62054202 
60983825 66639715 62065108 65529047 
64174797 70556088 66683057 68893649 
61419670 64801490 64100565 61713995 
59256896 64147970 62499447 62523877 
58458853 61351523 61398959 61841062 
59818957 62603267 63011405 63690685 
56838815 61075934 60773271 62233424 
56838588 59038030 56376226 58562497 
62218265 64822411 62186082 64187725 
62972331 64881683 60870210 67793647 
59923763 64316921 58516192 62033737 
60171151 65769580 60984602 65639403 
55877406 63389074 58761582 63894116 
60228981 62389286 61813002 62277913 
57669039 61398091 58217623 62833968 
56831759 61585687 56691428 59182221 
61804545 64546430 63632097 67435317 
58338533 59286670 57159415 61535403 
62434561 66631854 61315363 66840015 
56821867 62015162 59416172 62913677 
57308986 58552663 56515968 58982626 
58114892 61242879 61034162 64543169 
62589945 66284089 64366258 65433166 
60731285 63107035 62809405 65183450 
55823727 61778322 61649959 64004099 
57227904 57953597 55905174 56964384 
59140910 62054484 56402818 62766195 
57421951 60200678 58511634 61025860 
57983894 62843010 59012531 58002479 
58986457 65354446 61411605 65626460 
63919407 68791506 66650276 67565846 
58321224 62939450 60720681 61811387 
59575835 61516865 60013678 62565759 
57822842 63362031 60756247 63447843 
60130251 64790588 60208457 65012082 
58757856 61755673 57437387 62832456 
58755502 62421811 62025872 62461873 
60782238 61371637 61114402 62818457 
62313425 65379375 62466360 65667483 
59852083 63367051 61760515 61822488 
56278686 61048016 57645318 61210672 
65827260 65634872 64921263 68301439 
64589002 67820174 67998282 69499814 
63060687 65465829 64607804 67680138 
58858316 63859635 59840951 62202135 
60368807 65159217 60077568 63754981 
59983613 62882414 60366686 64233561 
62598882 65409052 64392292 65230193 
61412148 63322722 61481627 62135215 
60424977 64359212 62499305 65611678 
57438251 61433606 56843726 58950908 
63030129 63453687 61722302 65837960 
56833498 59438683 58128795 59943712 
64541576 66106027 62747642 66734065 
59297886 62694895 62699994 66287570 
63813618 64766633 62164014 65098684 
59525791 66936599 62027345 63573781 
64137385 67076997 60381077 66165411 
57687585 62564951 59704621 63980557 
61919587 64123205 61531731 65923069 
60389837 64316805 61596828 65292033 
60459238 62407182 59751274 60714554 
64341870 69406124 66950562 67894378 
60724006 61791393 61821175 63831034 
57468086 62815652 59086712 62297921 
63791887 68129148 64388549 68013918 
56784759 60748654 57365427 58950232 
56960170 61582943 60287051 61062223 
57926949 60589827 57118114 61878988 
58745519 62779687 62383477 66894594 
63096804 65795397 64587253 65686001 
61208940 62539776 60731883 64664629 
61352097 63390435 64577765 66816880 
58779310 61869171 57490765 60097726 
62192341 63130644 62090064 65988182 
57965747 61266175 58831419 63535395 
58137987 64351272 61342467 62475807 
56105643 60525961 56656827 58223069 
58563156 62382313 59754666 60149169 
60409692 60997898 59280193 63293643 
55827513 60679072 57323307 59735370 
61567841 62970591 62597301 63069559 
59524315 65684172 61879617 64762820 
58060249 61766717 60627071 61771613 
59176579 61562207 60451109 61575871 
54043182 57605997 56972812 56888957 
62923333 64251001 63337473 63037257 
57662031 63639639 60926179 65676297 
58730254 62484687 59923299 62655296 
60169357 63714078 59609775 63502495 
60530041 67794381 59110135 63158681 
58263324 61764117 62125262 64148506 
62052276 66176673 61140796 66867063 
60513589 64274968 62919441 64799576 
63089357 62200215 62317031 65363504 
59429571 62386565 58683310 60121934 
59078223 62143445 58752129 64003630 
57852517 57738096 57347646 58290957 
58938435 61732985 61902036 64564168 
60687903 63965375 61670412 64748487 
60629674 62340696 62753922 65308972 
62133235 64508475 58079314 61036417 
61444787 66600497 61806244 65289722 
56976825 60469206 58395360 60506868 
59990258 61627562 60988890 63564169 
60073172 64324844 60840334 65388562 
59911574 62641546 59939289 64759484 
56770606 58146485 60553245 63191159 
57705394 60715069 60086548 60104086 
58777308 65169504 60232713 62389063 
59046732 64546479 62498155 63036212 
59095383 65051700 63718206 65875295 
61100997 66850454 60757321 63209406 
59249600 60514330 57948737 60923774 
61049034 63907807 61976570 64575625 
57746449 61314698 61060760 64093054 
58007938 61821911 62046948 65138230 
57362576 60049193 60574035 62533025 
60925194 64653698 62205806 64202180 
59212706 61704188 60627836 62728588 
58788264 62322992 60075742 62008660 
58966015 61340606 60980829 64405273 
60985363 65052951 65447405 67192712 
63227324 64404279 62942876 64521406 
64924014 65395726 63545541 64287712 
64901024 66535910 63930243 66693576 
61578860 61790628 60666565 60242449 
57163448 60546797 58766048 59564841 
61261045 64065879 60566206 65268804 
57109884 61252412 59967251 61191287 
56584088 59546876 58087511 60668980 
60755137 65622060 62992381 66321122 
61756341 61833834 63013225 64108345 
60474456 65651843 61707888 62466876 
53349021 60040478 54849410 59026944 
60136891 62593511 60901649 63213257 
61803134 66676593 65127898 64714591 
60810029 64118549 60825801 62424969 
63914000 66503467 63272317 65869436 
59384539 63106181 61343535 62902749 
56779903 62663478 58756041 64140663 
61086898 66474982 61599291 64620374 
58778984 60714216 60251543 64227708 
62998879 65343283 64300268 66857418 
61312269 64064862 61450094 65013062 
59520539 63844753 60126714 63089161 
62101519 67138231 65501717 65962854 
57231080 59081512 55408373 58683187 
60979948 67234349 61730438 67009861 
60339575 63998539 58966903 64504130 
60660324 63461159 62073655 66228232 
56780937 62089950 59123039 61901470 
61787269 62065227 60328191 63178741 
59322893 61778817 60175474 61752076 
58542239 61873658 59887805 63755334 
58934462 62250496 60329485 64005028 
55321246 60973394 60604498 64451040 
60098100 64117990 60620590 62244722 
57590969 62569163 59497957 61593156 
55827332 61705282 57949677 59177848 
56601094 60662923 56700257 59790424 
59229995 63707373 60328625 62868492 
61878964 65090873 63704853 67711710 
64156445 66214071 64031023 67132278 
60808277 62710071 62528570 64595591 
59975769 62581140 58208901 62417047 
54673790 59485120 57871208 58873346 
58394117 62971453 62554902 62980889 
59126672 66564120 63176143 66577022 
57387792 61810211 60443843 64608168 
59193126 63089313 61860670 65214932 
60487609 65716177 61423882 67027753 
61954656 65857303 58106491 61802121 
60956730 64937892 62681578 63217526 
60496621 63490971 60560965 64235557 
59034650 59192788 60402351 61309753 
61898434 62294732 60992292 63421966 
60965867 67683184 61886012 64234902 
56582249 63926077 58611236 60882328 
55252044 55959705 57770259 57647296 
62759063 64838204 65277077 65879317 
59792030 62340500 64931834 64021287 
62523806 66502841 62963652 66112909 
63479006 68614346 66457011 68245782 
60138585 62714037 57626716 63299526 
62379218 65037773 62340149 63491768 
62656588 65613493 64043338 68448825 
53117717 58376467 56084493 57556454 
65117311 67487126 62716308 66657680 
63985620 65959124 64717078 66477961 
57660702 59420960 57538023 58852552 
61638245 65139126 62439840 64252610 
58344673 64767394 61884097 62171998 
59703115 64236447 60599739 64225454 
64283009 66866923 64139349 64628437 
59276289 65961934 61867585 62668798 
60073902 64241557 61241054 64436747 
61249404 62804524 60596903 64116189 
53805050 56142815 55528842 58051960 
57111066 59249567 57217084 60233270 
58282190 62657787 58664375 60044180 
57777529 59977880 59767964 60703307 
64613149 64919489 65320142 65800793 
57871794 58307066 57543990 59564989 
57591993 63290933 57842683 60639488 
58992806 61888058 58916844 62997804 
62188945 64613868 59593959 63412647 
60580115 64252976 61639099 63788099 
59292883 62271076 60566473 60960559 
61991181 65808143 66128447 64708748 
62412762 68465832 64349733 66616116 
56686863 63089031 61231113 62700466 
58570272 62012937 62964021 62702659 
58434766 63579310 60761344 63083154 
55976148 61787955 57095279 62712393 
61979609 63307714 61906400 64430417 
58642318 61990174 62894078 63224850 
60335163 63469405 60595233 64643142 
62121818 63499559 64400397 67880071 
64100280 66987745 64507468 68091216 
56808782 61675945 62571083 64918640 
59001780 62083866 61436071 63115784 
63369765 66279966 65647077 66579120 
57484638 62311575 56240309 61641453 
60729232 62752462 57913770 61611029 
63303929 68210665 64057524 66999590 
63776078 68263791 65143518 69199115 
63928089 68635977 67308335 67478304 
59957534 64028657 61866164 62970139 
58600741 62379168 62178508 62833660 
58759845 58963847 57466303 61475779 
58688362 64408885 60871805 60979093 
59552107 62811441 60161996 62506156 
63128209 63983609 61967113 64418695 
59404273 64494607 62969329 62283983 
62010741 61782523 58938657 64132447 
58113728 61750355 60744295 60350887 
58068432 59326790 55918598 59563983 
56876807 61857300 58822745 60286456 
61570349 64222991 63105551 64703264 
60013477 64777333 62097926 62536402 
60601479 63478579 61386426 63103241 
60928548 65241001 60620136 64320814 
62486762 64667972 66730836 65178205 
61099511 65413590 66885723 64451720 
55688117 61453682 58573679 61775612 
57849344 61890972 59668209 60093803 
59490009 65467083 61961264 64599391 
59537526 66128226 63601245 64415813 
57881041 60623309 59420558 62176876 
58711034 62188160 59249333 61764901 
61643089 64719411 63173547 66586814 
57693397 59701629 59819660 63303649 
60264064 65651960 64766999 66623665 
65148786 68451704 67738276 69457918 
59051222 64170514 61219231 62182862 
62268984 64199956 61611182 63422113 
60854472 62403109 63112580 64674754 
56469312 56509131 56184759 58865299 
60441304 64104066 61125477 64578829 
58338115 63399796 60509512 61946063 
60467721 66610743 61254199 62344138 
56981525 60220126 57404442 61154155 
54762380 55091218 54289440 58138846 
60724187 65038878 60653595 63722176 
58755612 61705882 60235004 62860311 
64429248 64717485 63735821 65958396 
61474354 65267505 62526768 63596016 
60841447 64000424 61261202 63237017 
60034925 64762383 59077396 64924743 
59319810 64999069 62489114 66695370 
61870746 64565071 62392665 64838432 
59596769 61479166 59924933 62820847 
63215948 64304663 59909034 62584726 
52192060 55682174 56322041 55954642 
58053177 60958201 62025554 61728612 
55487715 60122590 55487333 58642097 
59896250 61539435 57172170 62912150 
58467166 63596503 59934120 64111400 
60400656 61643929 59338288 61664005 
62654995 66408405 64005923 62844847 
57754610 61420330 57693750 61154617 
62547473 66470120 62329818 66385306 
62189095 66230299 61491061 65291663 
59846687 61887281 60258002 62700233 
54071732 59310146 57490661 62806513 
59501052 63599837 61921482 64534502 
58578647 62165561 57417143 62208651 
58378165 63382237 61197544 61961547 
60907636 66304912 62611345 64841751 
61371327 67707753 64276326 65547648 
58803683 63190167 59564970 62728779 
57989917 62422384 58674421 65031426 
55926197 58605907 54910335 57844369 
57867882 60393427 58256523 59394899 
62671605 69609160 66690606 70667532 
60702236 60302517 61516926 64552870 
61867791 64700308 62401520 65898750 
59767143 65332167 63209720 64212861 
59171553 63717140 60697358 60198203 
55659029 56832666 54104803 56947903 
62679592 66327966 65846328 67565051 
60911059 65219625 60506366 65575333 
59953439 63149453 61636389 61129907 
62837760 63804790 61180303 63613103 
65018491 65765173 64595433 65609588 
54217441 58197824 55678496 58824261 
64537370 64189556 60543609 65702306 
57722785 60981170 60719742 60481819 
61575164 64344295 63573184 64807861 
59067641 67279240 58454306 63899703 
56184478 56902320 56775355 58155666 
59024793 62828131 60307914 64340485 
56238348 61366614 59013637 58990065 
61205627 65293383 62966055 64687995 
60643463 64402390 61623933 61918176 
62136095 67443372 64963184 69796334 
64620014 67826724 66596866 66185527 
61404098 65409437 63435656 66410847 
60930940 62454409 62378301 63979613 
59959474 63204060 60592849 65609656 
60784727 63582256 64841437 65575184 
60259094 66624587 61875452 67374939 
61321594 66818136 61788367 64799649 
62569367 65467881 61315973 67148386 
59327427 62233978 62421820 62651491 
56832033 61805578 59569011 60602855 
57868888 60898764 59278670 59573155 
57568446 60492564 57422299 58969462 
59506948 65108601 60381629 63988432 
58611726 61147592 57875050 60696354 
58771652 63739877 61438821 62342991 
57527943 62522069 62457156 63512122 
56997285 56263224 57053007 58796259 
61037053 63384853 63200823 66138122 
61874030 60641840 61645186 62934232 
58710907 62025140 59199265 61353558 
58212122 59524816 59539290 60142527 
59631015 60696236 59124851 61582345 
62251411 63142202 60424227 64252763 
60832583 64509053 60168895 64471541 
59656586 64917982 62245388 63682565 
61083307 64154992 61931583 63277773 
64619030 66122606 65561092 67805478 
59842687 63163936 58809076 64894246 
59596344 60338981 60117205 63113992 
60273531 60985266 62989166 62730342 
60758072 61573939 58773536 63613570 
56796627 59369429 60614858 61423300 
53626292 58450493 54733174 57504577 
58357820 61799886 59324335 62741788 
57937458 62487772 61396764 62504115 
58879860 62950615 62233355 61549836 
59392272 64072101 62687768 63237482 
59690182 63146759 59108824 62647060 
64735629 66050910 65988913 63814326 
62336768 66534003 64371275 62982320 
61174603 66740785 63009107 65913612 
60867765 64517012 62516438 65458483 
65705199 68352078 65935872 68675645 
61740265 64216737 62348267 67196321 
58525747 60463113 59111349 61382223 
58847625 61096180 60779770 60694887 
56133147 61694950 60310893 62002388 
59752930 62734648 61261844 62854623 
60568121 64895522 63632202 64911123 
57543130 60905983 62021087 61678175 
62676488 66414354 62918456 67233982 
60843492 64424466 60044993 61452715 
59004739 63855037 59295889 61811335 
59048428 62524361 58836668 60819275 
59076115 66717730 61723120 65320469 
61225250 66231064 61247027 68108276 
62934232 66418485 62029098 65258263 
62565472 66716485 63308613 64340729 
55506554 62061712 60935381 61146449 
58649726 62636437 61530736 62732481 
56855829 60968719 58829966 63102938 
58418342 64167692 59480833 65352825 
59036504 62694104 59782178 59255662 
56196562 61363320 60719123 62075397 
56319896 60161513 58864969 60103980 
60988847 66477918 63360768 64618806 
58447997 60175459 58851910 59198297 
59320581 62560072 62636752 63938359 
56147603 63092114 59888542 62142079 
59639767 66154281 61782613 65407662 
56935811 63667333 58383533 62621586 
57724118 61260013 60811349 62623401 
56952462 64433747 59826397 64510201 
62855348 67170883 65674974 65053745 
60528699 65025035 63052661 65565516 
57466198 59086238 59957892 60769599 
58071194 60811696 60061414 60334147 
58008202 62174064 59164187 62824137 
63111438 67009883 64668400 65833238 
62260098 64780351 62318856 66042627 
61348010 66207592 59686853 64873753 
62825607 68458715 63658327 67392058 
62451101 61486497 61782495 62789864 
58703894 63517644 60219285 59944446 
55588225 59803507 56920742 58128257 
60619338 64273177 62531048 65755048 
59306000 61947984 60396715 62014513 
60305147 65998026 62766193 65587989 
63002453 66663243 63483959 65678586 
58738067 62368996 59097163 60110628 
62464559 65614896 63564537 65903511 
59089859 63500219 62656004 64091046 
59695620 62839980 59500130 61156869 
61131431 64873309 61689814 64360335 
62634183 66386864 64048629 67349624 
60305393 64371527 61546046 64907268 
59504370 64982659 62298334 65058903 
58551239 67025394 62364637 62872477 
56114995 60714480 60018218 61338445 
59339116 63106041 61064286 62820068 
59002728 62735452 62083807 65391723 
59472285 62118650 58754389 60719898 
60189202 63525324 61061449 61619093 
61073605 62863836 60502557 65470883 
63508546 64977786 64428803 66649424 
61539354 68675962 63680440 66485753 
61930518 68023218 63996174 64074432 
56618765 61786817 59788899 61052118 
59055198 63179013 58427975 63332648 
54296704 59187323 55277592 54173857 
61196135 64825635 61503815 65710609 
57554896 60090534 58629018 61390384 
60123609 63180686 60966118 61174066 
59895790 62937066 61331330 61678651 
59541262 65992481 64421222 66272535 
58696202 61306016 59690833 61995715 
61295980 63099236 61479486 63656142 
59361593 60658530 58869829 63102296 
62240956 65777449 62018043 64742437 
58554012 65810012 60914264 66702773 
57969515 62256513 60913322 61137057 
59228532 62525761 58145444 59760359 
58026528 60733351 58328964 62509768 
58113976 63743668 59828402 62014333 
56792128 59942840 54902364 58409688 
61639430 61324001 57200516 59452697 
63843384 66226080 65236664 68277545 
58688549 59189181 56797567 59726924 
58458743 64052434 57092650 62457897 
58507590 65331470 60087867 64483956 
53535831 56611675 55416553 58146900 
61494258 64518075 61500022 62755016 
65327887 66113950 60909243 67204333 
58719405 63611610 61461153 63734496 
54695830 59230380 59412362 58067677 
64205748 68360080 64348367 67953457 
58106266 64487525 62989366 63525500 
62426356 66268044 62951098 63394423 
56988754 61737609 60685123 63936846 
61006253 63553370 61079148 62904749 
62117549 66844641 61926411 65362765 
57667976 64766245 60464573 62419624 
61182930 63119253 62102496 63784953 
57100449 61288826 59653266 61733890 
59969780 61082519 60072684 61134172 
54845936 57038040 57138837 58422598 
63280216 64656070 62764346 64104030 
58681905 62965005 60401360 62703244 
60723788 63282126 62295159 67850884 
61213489 61379401 62065301 63982431 
59208487 62217982 59586196 61141028 
63409496 64767436 62761050 63765000 
58695625 62342187 58015353 61443121 
62256985 64719614 63357332 64484465 
58197060 59792736 58973020 59339603 
58597374 62070452 58789657 60351571 
57455015 59663165 55268983 58118950 
55544915 60664239 57221754 60146014 
66950607 68292260 65223088 70079215 
60511257 65046237 60803494 65005518 
59126829 60011612 58846822 63609320 
58698747 62610768 61121412 63744473 
55495351 57732902 53834234 56103766 
61858559 65288140 60143544 63592066 
58138629 63457465 59397219 64570436 
57748812 63195417 59785323 63065262 
56412394 59392874 55485719 59637653 
64567337 65292422 62917824 66863371 
62411541 64652821 66519296 68312715 
59927520 63292258 63216514 64497556 
62091130 64146458 62411559 65137907 
61293336 65382395 63957921 64708755 
63742599 67266148 61695731 64979252 
57945613 64793575 62053602 64461411 
59093384 64290500 58828469 62315973 
56210767 61554133 61265742 64016591 
58259006 59819306 53995000 59732964 
57832442 60074183 58169690 61018960 
60497739 65225403 61454414 65132221 
61864002 64631148 62743276 66144120 
61509533 67699748 62370744 63747640 
59677960 64086144 62703793 64371493 
61297813 66496776 61700796 64918893 
57906213 60604092 58989879 60915334 
64278101 66890387 61744693 64317750 
60736007 64354607 61911548 66111719 
59552807 62904774 63986215 63127520 
61806005 66090112 63895225 67609003 
57209651 61562577 60844357 63785361 
59905670 64789676 61291493 62751623 
59119319 62321206 61048852 62052526 
61519714 64224484 61693810 62331959 
60894585 63636188 60890435 64269922 
62620199 65811940 64780470 66885497 
63468127 67049955 63652174 64791916 
59972465 64392212 61249056 64209196 
60484129 62504995 64891768 65208288 
57937487 62366044 59737170 61736808 
61862298 63904881 62764686 64088719 
63483795 66981814 61903935 67429332 
59729341 62846040 63361359 66089419 
58367733 60902357 58442874 65626872 
52928861 55861813 54961272 58215801 
55424402 58066343 53923636 57294554 
61389789 66151158 63032073 65727847 
58855274 59764970 57682828 62275944 
58325840 59609885 55844172 60584646 
60582496 64173159 62804065 62268536 
58467148 62292044 61392846 62322831 
58035148 60258281 58331997 60875882 
62271744 66227328 62237378 65233151 
60072133 61772035 56269501 60789926 
59998398 64460176 62342341 61816801 
60102482 63980136 63371588 63923649 
58344472 64070070 60663502 63584947 
60950043 63476793 61729232 64098964 
61202294 66674211 62565991 64563642 
57092294 59589832 57022368 60457553 
58370132 63128554 61527964 64482965 
60701073 61429156 58954067 61710217 
60394718 63983367 61242621 64858425 
55782791 59376806 55683627 62061325 
61482955 64405070 60394246 64535433 
57783030 60812307 60867893 62701366 
57403923 60515560 58393180 61677145 
60243905 64719149 62286725 63981229 
58093442 62171680 60039780 60292579 
65276909 68586244 65299836 68397664 
60577361 62385805 62487992 66215633 
60069718 61150088 59598875 61876007 
63437909 67602678 64701095 62840441 
63464904 65545659 62904947 64141761 
62302469 66215809 62157544 67349293 
63469927 66632033 64524315 63517514 
58873594 64530810 59783303 62095647 
60974881 66045816 59466269 66257811 
61760717 62548552 59598274 63284779 
60767226 64481256 64322794 65956441 
64464411 68426632 65317314 67440348 
60991102 65258166 61458733 64603844 
59615822 61384938 58258108 61930560 
60673197 64815892 62509256 66429287 
58599357 63896140 60486648 61390464 
57854149 61623715 57981346 62823317 
60027856 63548349 58505705 63059290 
58521479 61215122 60277844 63814003 
61968150 67225350 62920742 67598340 
62036994 65789634 65349287 65316679 
57118470 62719437 59079360 63037625 
57267347 58896237 56421247 60460174 
62201286 64870527 62804375 65572758 
62070593 65197289 63791126 65795066 
59913871 60648893 55906437 64803820 
57874972 62668134 60537166 61199641 
63261118 64359651 63478152 65380757 
61521521 63075997 59585232 62484930 
60487021 63086607 60800473 62066187 
57383356 61930588 57823527 59050725 
64493009 65542419 62746198 65702416 
61311532 64482398 63754571 62946344 
67260990 69824665 68979073 70082498 
58532346 63101966 58380293 63344494 
62204078 64035365 59096103 64598556 
64050154 65617824 64090366 66215608 
56862427 60589374 57513000 60251507 
61918582 65749499 62276016 63807108 
61893486 66662111 63186108 64822530 
58621083 61593961 57565136 60127078 
58016851 61322233 59629651 62321093 
62453071 67942685 65026552 67966894 
60519913 67576064 61023045 63425313 
54717334 59967920 58238995 62277267 
58592836 61214734 60045427 60378597 
61378846 65765370 63273173 63256819 
57966744 59220041 59330162 59187173
59336393 59650691 62194700 62638708 
62255162 65376008 60997508 63245883 
57312335 60420801 56969864 61828294 
55850539 59444482 54169141 56071562 
63155938 67406354 66183793 68844208 
58725327 60491086 59498245 63405372 
62461370 68224426 62190098 66534861 
55732072 58652587 56997510 59969802 
57154708 61547412 60882711 62213031 
63060440 67715034 65098938 67627019 
58078357 59004652 57212319 58752223 
61011724 61079651 61273421 61744360 
58093847 59856064 59423257 60793313 
63003585 64505568 61650778 64609928 
55143493 62713051 60068562 61584270 
63927738 65905955 65708499 64169340 
60628465 64087198 61026584 67248403 
58806524 64673712 62509118 62138411 
59904045 64514661 62623107 63411489 
56707705 60275484 58240705 60114932 
61531837 66848292 61075083 66443795 
60967575 62768806 62958849 62362817 
62203889 64733147 63860802 64992609 
