250 4
283 316 309 430
419 281 166 534
721 293 334 836
436 226 274 138
945 597 68 424
960 952 883 673
474 769 943 257
132 746 156 50
89 444 169 183
231 969 234 538
686 845 341 884
236 414 759 637
119 105 87 110
568 818 918 927
387 322 950 901
588 346 480 38
1 905 524 240
672 814 886 164
806 776 844 692
18 479 887 819
416 488 698 134
211 468 793 867
931 112 292 608
207 651 849 496
533 25 795 909
703 807 972 896
227 194 726 547
416 25 488 480
583 469 108 1
303 551 8 326
734 569 152 460
349 923 184 998
496 656 576 805
698 591 676 324
465 388 500 974
27 645 987 260
663 942 497 588
855 661 984 46
361 575 213 630
578 533 453 816
703 551 13 882
582 4 288 236
642 620 427 506
3 811 380 755
508 639 191 466
814 726 339 449
279 535 687 110
290 308 896 773
808 755 575 786
987 843 105 926
350 286 330 980
954 16 160 228
858 538 578 414
345 777 231 419
888 378 116 390
204 892 514 497
553 654 164 126
205 365 430 809
809 903 102 421
479 224 395 380
468 192 608 222
843 62 658 441
129 771 606 625
935 587 629 766
532 492 527 805
709 757 391 401
375 738 14 255
761 219 192 53
844 109 922 27
152 728 418 809
226 85 700 9
276 935 499 726
381 376 324 179
296 230 45 514
937 10 882 895
316 302 539 913
954 800 289 457
730 25 658 145
73 831 95 844
340 349 777 291
307 728 54 434
865 455 133 606
651 301 741 369
184 267 83 610
91 645 758 58
774 549 184 442
779 776 411 211
256 714 563 58
487 919 289 123
455 71 942 122
6 955 927 975
626 149 863 926
716 885 896 755
367 603 396 643
704 699 519 851
841 337 648 594
757 66 693 251
143 297 578 48
556 644 256 256
161 453 293 357
19 260 995 567
839 522 550 173
247 417 761 610
504 756 95 196
928 586 796 297
728 399 40 566
573 802 343 168
387 429 4 488
364 186 722 682
202 154 536 91
635 178 493 97
120 128 695 934
198 417 786 777
496 836 95 141
801 115 909 788
472 356 98 808
345 426 646 732
763 423 731 262
425 416 41 741
433 336 766 358
858 903 35 544
333 952 852 766
917 850 550 876
712 857 511 595
469 919 880 622
219 493 761 907
233 400 51 757
386 7 744 748
909 657 426 707
412 426 232 843
181 854 536 106
974 662 628 481
7 69 584 127
420 154 969 626
126 979 933 558
414 162 517 600
519 689 709 451
204 151 833 769
914 255 215 771
929 351 124 16
752 778 306 510
832 718 94 162
957 381 905 593
549 544 756 900
970 123 638 331
304 558 110 393
703 890 649 257
515 318 372 44
75 646 337 59
813 310 380 221
342 764 247 587
481 39 258 748
621 570 743 250
506 213 41 81
337 865 170 726
231 301 599 679
70 808 812 404
783 25 386 66
232 249 212 880
736 806 930 716
29 468 701 717
566 857 210 334
374 609 192 155
544 596 856 454
520 191 705 866
754 920 685 923
286 453 371 75
426 422 873 403
22 219 11 463
867 764 228 680
621 495 773 352
521 617 921 306
470 855 515 645
656 571 284 185
854 244 961 866
169 863 244 676
268 717 193 583
547 909 486 153
332 715 570 863
199 463 515 506
179 923 69 797
472 217 908 819
446 402 313 367
845 635 120 930
891 416 363 411
61 510 699 611
329 12 394 94
541 478 225 753
617 681 507 179
733 740 349 470
296 508 266 997
718 775 924 350
911 540 174 251
178 332 20 415
148 696 921 852
705 790 964 12
784 286 486 688
706 784 306 525
626 118 73 318
469 68 589 162
459 685 283 810
713 685 629 850
574 600 978 381
941 123 347 995
146 20 103 826
328 212 886 304
304 204 372 119
233 284 718 665
652 720 618 949
45 202 588 85
422 855 197 867
439 76 605 877
842 454 179 15
196 170 35 339
86 946 451 903
136 487 210 167
247 128 560 744
204 38 446 713
609 397 578 632
328 449 709 757
217 570 40 551
589 363 167 588
605 342 741 918
236 538 951 398
844 143 236 494
266 488 821 447
635 743 578 532
83 749 500 91
862 850 850 618
703 677 675 855
778 377 698 398
191 108 753 130
276 552 709 507
101 750 299 790
131 301 338 422
970 601 232 708
122 394 196 19
465 110 242 512
88 955 37 487
43 857 794 827
429 850 115 996
37 121 720 622
294 630 604 881
381 777 970 58
74 825 410 969
919 652 46 91
536 664 248 202
751 879 986 654
221 323 771 14
438 604 755 742
